Jahr;spring;Brandenburg/Berlin;Brandenburg;Baden-Wuerttemberg;Bayern;Hessen;Mecklenburg-Vorpommern;Niedersachsen;Niedersachsen/Hamburg/Bremen;Nordrhein-Westfalen;Rheinland-Pfalz;Schleswig-Holstein;Saarland;Sachsen;Sachsen-Anhalt;Thueringen/Sachsen-Anhalt;Thueringen;Deutschland;
2005;spring;   119.3;   119.1;   259.3;   232.3;   205.7;   130.5;   169.5;   169.2;   209.3;   191.1;   156.9;   180.1;   131.0;   125.8;   136.4;   149.6;   185.5;
2006;spring;   133.6;   133.4;   346.7;   330.9;   246.0;   160.5;   209.7;   209.7;   271.8;   229.1;   210.9;   261.1;   189.2;   155.4;   193.1;   240.3;   244.8;
2007;spring;   180.5;   179.8;   245.9;   233.9;   197.4;   145.7;   191.1;   190.5;   210.0;   168.6;   148.9;   197.0;   166.9;   179.9;   185.5;   192.6;   198.4;
2008;spring;   151.3;   151.5;   266.4;   249.8;   198.1;   147.4;   157.5;   157.3;   207.6;   208.4;   140.6;   234.6;   184.1;   147.2;   162.7;   182.3;   197.3;
2009;spring;   125.6;   125.3;   253.5;   250.5;   181.8;   114.1;   142.1;   142.0;   178.1;   182.2;   132.3;   164.5;   188.8;   139.1;   164.8;   197.1;   184.0;
2010;spring;   157.8;   158.3;   205.1;   207.2;   169.1;   154.6;   156.2;   156.7;   152.2;   168.5;   156.0;   193.0;   186.5;   179.0;   175.9;   172.0;   176.3;
2011;spring;    80.7;    80.9;   104.2;   142.8;    58.5;    90.1;    65.4;    65.2;    69.5;    61.4;    69.0;    59.5;   105.4;    62.2;    66.1;    71.0;    89.5;
2012;spring;    76.8;    76.9;   143.6;   138.8;   119.7;    63.7;    98.1;    97.9;   120.2;   130.9;    94.5;   160.9;    98.1;    74.4;    81.4;    90.2;   110.5;
2013;spring;   142.2;   142.4;   267.0;   245.4;   225.6;   132.9;   169.9;   170.0;   155.8;   223.4;   150.1;   293.4;   204.8;   184.9;   216.1;   256.9;   201.5;
2014;spring;   134.0;   134.0;   140.6;   177.9;   148.5;   101.0;   170.4;   170.4;   163.9;   107.9;   165.1;   102.2;   172.1;   133.2;   134.2;   135.4;   151.4;
2015;spring;    90.1;    90.4;   208.3;   212.7;   108.5;   123.6;   141.3;   141.5;   143.2;   109.3;   162.9;   134.8;   118.1;    93.0;    99.8;   108.7;   148.6;
2016;spring;    93.1;    93.3;   277.4;   217.6;   179.6;    85.9;   129.9;   130.0;   156.6;   222.2;   125.0;   267.7;   132.8;   101.8;   117.8;   138.6;   166.5;
2017;spring;   114.0;   114.3;   208.5;   218.6;   144.3;   153.3;   138.3;   139.0;   132.3;   113.3;   161.7;   132.3;   132.8;   114.1;   124.3;   137.6;   157.9;
2018;spring;   100.7;   100.5;   169.3;   150.5;   166.5;   116.1;   122.9;   122.6;   155.7;   176.0;   131.8;   222.7;   125.1;   104.0;   122.6;   146.9;   140.6;
2019;spring;   107.5;   107.4;   255.6;   234.9;   206.2;   103.1;   156.0;   156.0;   194.1;   199.9;   175.2;   240.5;   146.4;   116.0;   142.1;   176.0;   182.7;
2020;spring;    75.0;    74.9;   131.7;   133.9;   111.2;    73.6;    90.6;    90.5;   107.2;   113.9;    90.0;   149.9;   104.1;    68.7;    86.2;   109.1;   105.6;
2021;spring;   126.5;   126.7;   209.7;   204.6;   165.3;   133.3;   183.4;   183.7;   190.0;   163.8;   199.4;   195.3;   167.4;   118.9;   134.4;   154.6;   175.6;
2022;spring;    60.8;    60.9;   165.6;   156.5;   124.1;    65.7;   109.5;   109.6;   127.8;   120.6;   139.0;   145.1;    89.5;    68.4;    83.3;   102.6;   118.5;
2023;spring;   132.3;   132.1;   253.7;   245.3;   219.7;   111.8;   178.9;   178.4;   245.9;   208.1;   156.5;   262.2;   153.6;   122.2;   147.6;   180.7;   196.7;
2024;spring;   117.4;   117.7;   325.1;   280.0;   235.9;   167.7;   206.6;   206.7;   275.2;   279.9;   215.1;   361.6;   131.0;   137.3;   159.0;   187.4;   228.0;
2025;spring;    59.1;    59.4;   115.2;   113.4;   101.9;    57.9;    79.1;    79.2;   115.4;    93.2;    89.4;    92.9;   106.1;    78.3;    90.9;   107.4;    95.2;